200
156 390
209 102
71 267
308 310
403 189
453 466
281 453
250 135
310 39
379 351
4 369
128 463
303 220
255 434
115 433
350 193
331 167
120 188
239 279
320 382
423 309
392 297
270 286
109 405
480 242
359 458
137 258
85 413
176 431
255 330
436 488
135 210
400 179
345 412
370 170
236 385
389 54
25 70
119 304
77 186
165 247
321 180
32 254
91 159
433 475
384 312
210 454
209 429
119 420
397 117
101 207
91 314
188 71
205 368
229 405
318 59
220 410
303 276
236 421
221 136
196 174
205 44
106 2
54 137
319 109
265 176
256 97
371 35
406 397
178 268
471 99
173 20
59 315
300 135
57 437
464 355
260 25
288 208
135 16
204 494
177 420
134 331
285 350
23 42
123 300
340 335
474 4
460 428
329 199
6 173
385 33
241 309
383 78
235 305
412 164
268 423
490 74
338 272
111 180
232 190
275 273
381 340
319 45
363 345
270 391
185 302
317 240
10 175
72 350
306 176
444 363
283 267
405 427
66 257
311 292
362 145
110 182
105 102
331 435
354 291
343 246
118 194
80 206
479 274
394 490
196 68
206 82
491 298
176 126
119 100
1 100
161 108
348 296
388 318
65 275
343 127
5 66
82 314
121 249
455 65
175 28
50 433
203 45
70 199
131 170
341 197
413 382
469 416
132 242
121 495
78 456
399 395
338 233
477 33
111 179
400 376
41 431
370 192
222 431
412 403
133 64
75 267
370 116
298 24
298 293
361 204
249 216
0 154
443 372
171 24
301 364
372 340
459 278
57 72
176 31
283 264
308 115
56 51
471 43
448 67
445 84
385 246
27 122
395 151
135 321
346 53
466 97
481 5
294 124
297 213
230 344
109 479
496 447
7 101
172 77
367 9
132 15
303 264
480 197
245 11
